,AccX,AccY,AccZ,ExperimentID,SourceFile,Category
15200,0.1628057211637497,0.25977087020874023,9.99459457397461,39,Data/Raw/Heavy Load/Washing Machine - Heavy Load.2cgi0iim.cbor,Heavy Load
15201,0.10175357013940811,0.2717418968677521,9.919178009033203,39,Data/Raw/Heavy Load/Washing Machine - Heavy Load.2cgi0iim.cbor,Heavy Load
15202,-0.19632454216480255,0.2454056739807129,9.768342971801758,39,Data/Raw/Heavy Load/Washing Machine - Heavy Load.2cgi0iim.cbor,Heavy Load
15203,-0.3363853394985199,0.3124433159828186,9.671378135681152,39,Data/Raw/Heavy Load/Washing Machine - Heavy Load.2cgi0iim.cbor,Heavy Load
15204,-0.5877765417098999,0.39384618401527405,9.491812705993652,39,Data/Raw/Heavy Load/Washing Machine - Heavy Load.2cgi0iim.cbor,Heavy Load
15205,0.16519992053508759,0.2669534981250763,9.813833236694336,39,Data/Raw/Heavy Load/Washing Machine - Heavy Load.2cgi0iim.cbor,Heavy Load
15206,0.18794482946395874,0.27653029561042786,9.952696800231934,39,Data/Raw/Heavy Load/Washing Machine - Heavy Load.2cgi0iim.cbor,Heavy Load
15207,-0.21308395266532898,0.25498247146606445,9.771934509277344,39,Data/Raw/Heavy Load/Washing Machine - Heavy Load.2cgi0iim.cbor,Heavy Load
15208,-0.31124621629714966,0.3627215623855591,9.641449928283691,39,Data/Raw/Heavy Load/Washing Machine - Heavy Load.2cgi0iim.cbor,Heavy Load
15209,-0.5650315880775452,0.36750996112823486,9.403226852416992,39,Data/Raw/Heavy Load/Washing Machine - Heavy Load.2cgi0iim.cbor,Heavy Load
15210,0.2346317619085312,0.43694180250167847,9.53849983215332,39,Data/Raw/Heavy Load/Washing Machine - Heavy Load.2cgi0iim.cbor,Heavy Load
15211,0.15562310814857483,0.2537853717803955,9.764751434326172,39,Data/Raw/Heavy Load/Washing Machine - Heavy Load.2cgi0iim.cbor,Heavy Load
15212,-0.19393034279346466,0.1999158412218094,9.6989107131958,39,Data/Raw/Heavy Load/Washing Machine - Heavy Load.2cgi0iim.cbor,Heavy Load
15213,-0.3711012601852417,0.3495534360408783,9.672574996948242,39,Data/Raw/Heavy Load/Washing Machine - Heavy Load.2cgi0iim.cbor,Heavy Load
15214,-0.5231330990791321,0.3363853394985199,9.563638687133789,39,Data/Raw/Heavy Load/Washing Machine - Heavy Load.2cgi0iim.cbor,Heavy Load
15215,0.10534487664699554,0.4010287821292877,9.404424667358398,39,Data/Raw/Heavy Load/Washing Machine - Heavy Load.2cgi0iim.cbor,Heavy Load
15216,0.3687070608139038,0.22625206410884857,9.743204116821289,39,Data/Raw/Heavy Load/Washing Machine - Heavy Load.2cgi0iim.cbor,Heavy Load
15217,-0.11133038252592087,0.09217676520347595,9.708487510681152,39,Data/Raw/Heavy Load/Washing Machine - Heavy Load.2cgi0iim.cbor,Heavy Load
15218,-0.45010992884635925,0.3208230137825012,9.616311073303223,39,Data/Raw/Heavy Load/Washing Machine - Heavy Load.2cgi0iim.cbor,Heavy Load
15219,-0.40222588181495667,0.24660277366638184,9.803058624267578,39,Data/Raw/Heavy Load/Washing Machine - Heavy Load.2cgi0iim.cbor,Heavy Load
15220,-0.11133038252592087,0.42377370595932007,9.412803649902344,39,Data/Raw/Heavy Load/Washing Machine - Heavy Load.2cgi0iim.cbor,Heavy Load
15221,0.4991910457611084,0.08259996026754379,9.783905029296875,39,Data/Raw/Heavy Load/Washing Machine - Heavy Load.2cgi0iim.cbor,Heavy Load
15222,-0.043095629662275314,0.035913024097681046,9.831789016723633,39,Data/Raw/Heavy Load/Washing Machine - Heavy Load.2cgi0iim.cbor,Heavy Load
15223,-0.5925649404525757,0.3208230137825012,9.617507934570312,39,Data/Raw/Heavy Load/Washing Machine - Heavy Load.2cgi0iim.cbor,Heavy Load
15224,-0.2537853717803955,0.1867477297782898,9.873687744140625,39,Data/Raw/Heavy Load/Washing Machine - Heavy Load.2cgi0iim.cbor,Heavy Load
15225,-0.28969839215278625,0.38546648621559143,9.453505516052246,39,Data/Raw/Heavy Load/Washing Machine - Heavy Load.2cgi0iim.cbor,Heavy Load
15226,0.629675030708313,0.1280897855758667,9.715670585632324,39,Data/Raw/Heavy Load/Washing Machine - Heavy Load.2cgi0iim.cbor,Heavy Load
15227,-0.14006079733371735,0.1999158412218094,9.716867446899414,39,Data/Raw/Heavy Load/Washing Machine - Heavy Load.2cgi0iim.cbor,Heavy Load
15228,-0.6572083830833435,0.28131869435310364,9.564835548400879,39,Data/Raw/Heavy Load/Washing Machine - Heavy Load.2cgi0iim.cbor,Heavy Load
15229,-0.08978256583213806,0.18794482946395874,9.737217903137207,39,Data/Raw/Heavy Load/Washing Machine - Heavy Load.2cgi0iim.cbor,Heavy Load
15230,-0.3770867586135864,0.45010992884635925,9.368511199951172,39,Data/Raw/Heavy Load/Washing Machine - Heavy Load.2cgi0iim.cbor,Heavy Load
15231,0.7493851184844971,0.20231004059314728,9.622296333312988,39,Data/Raw/Heavy Load/Washing Machine - Heavy Load.2cgi0iim.cbor,Heavy Load
15232,-0.11611878126859665,0.22505496442317963,9.65222454071045,39,Data/Raw/Heavy Load/Washing Machine - Heavy Load.2cgi0iim.cbor,Heavy Load
15233,0.031124621629714966,0.15322890877723694,9.882067680358887,39,Data/Raw/Heavy Load/Washing Machine - Heavy Load.2cgi0iim.cbor,Heavy Load
15234,-0.11851298063993454,0.2298433631658554,9.6618013381958,39,Data/Raw/Heavy Load/Washing Machine - Heavy Load.2cgi0iim.cbor,Heavy Load
15235,-0.4082113802433014,0.547075092792511,9.36013126373291,39,Data/Raw/Heavy Load/Washing Machine - Heavy Load.2cgi0iim.cbor,Heavy Load
15236,0.707486629486084,0.22385786473751068,9.609128952026367,39,Data/Raw/Heavy Load/Washing Machine - Heavy Load.2cgi0iim.cbor,Heavy Load
15237,0.0011971008498221636,0.3208230137825012,9.822212219238281,39,Data/Raw/Heavy Load/Washing Machine - Heavy Load.2cgi0iim.cbor,Heavy Load
15238,0.05386953800916672,0.1843535304069519,9.99100399017334,39,Data/Raw/Heavy Load/Washing Machine - Heavy Load.2cgi0iim.cbor,Heavy Load
15239,-0.4297592043876648,0.2992752194404602,9.641449928283691,39,Data/Raw/Heavy Load/Washing Machine - Heavy Load.2cgi0iim.cbor,Heavy Load
15240,-0.47644615173339844,0.5291185975074768,9.568427085876465,39,Data/Raw/Heavy Load/Washing Machine - Heavy Load.2cgi0iim.cbor,Heavy Load
15241,0.5805938839912415,0.333991140127182,9.648633003234863,39,Data/Raw/Heavy Load/Washing Machine - Heavy Load.2cgi0iim.cbor,Heavy Load
15242,0.0586579404771328,0.29568392038345337,9.95748519897461,39,Data/Raw/Heavy Load/Washing Machine - Heavy Load.2cgi0iim.cbor,Heavy Load
15243,0.10534487664699554,0.2585737705230713,9.93593692779541,39,Data/Raw/Heavy Load/Washing Machine - Heavy Load.2cgi0iim.cbor,Heavy Load
15244,-0.2932897210121155,0.22744916379451752,9.690531730651855,39,Data/Raw/Heavy Load/Washing Machine - Heavy Load.2cgi0iim.cbor,Heavy Load
15245,-0.33758243918418884,0.35673606395721436,9.546878814697266,39,Data/Raw/Heavy Load/Washing Machine - Heavy Load.2cgi0iim.cbor,Heavy Load
15246,0.45848962664604187,0.40462008118629456,9.637859344482422,39,Data/Raw/Heavy Load/Washing Machine - Heavy Load.2cgi0iim.cbor,Heavy Load
15247,0.13766659796237946,0.26336219906806946,9.915586471557617,39,Data/Raw/Heavy Load/Washing Machine - Heavy Load.2cgi0iim.cbor,Heavy Load
15248,0.14365209639072418,0.31364041566848755,9.920374870300293,39,Data/Raw/Heavy Load/Washing Machine - Heavy Load.2cgi0iim.cbor,Heavy Load
15249,-0.22385786473751068,0.23942017555236816,9.765948295593262,39,Data/Raw/Heavy Load/Washing Machine - Heavy Load.2cgi0iim.cbor,Heavy Load
15250,-0.3280056416988373,0.34356793761253357,9.730035781860352,39,Data/Raw/Heavy Load/Washing Machine - Heavy Load.2cgi0iim.cbor,Heavy Load
15251,0.3232172429561615,0.4165911078453064,9.666589736938477,39,Data/Raw/Heavy Load/Washing Machine - Heavy Load.2cgi0iim.cbor,Heavy Load
15252,0.22026655077934265,0.25498247146606445,9.806650161743164,39,Data/Raw/Heavy Load/Washing Machine - Heavy Load.2cgi0iim.cbor,Heavy Load
15253,0.14245499670505524,0.2645592987537384,9.854534149169922,39,Data/Raw/Heavy Load/Washing Machine - Heavy Load.2cgi0iim.cbor,Heavy Load
15254,-0.2106897532939911,0.21547815203666687,9.786299705505371,39,Data/Raw/Heavy Load/Washing Machine - Heavy Load.2cgi0iim.cbor,Heavy Load
15255,-0.3208230137825012,0.395043283700943,9.690531730651855,39,Data/Raw/Heavy Load/Washing Machine - Heavy Load.2cgi0iim.cbor,Heavy Load
15256,-0.5590460896492004,0.3423708379268646,9.457097053527832,39,Data/Raw/Heavy Load/Washing Machine - Heavy Load.2cgi0iim.cbor,Heavy Load
15257,0.2932897210121155,0.20231004059314728,9.702502250671387,39,Data/Raw/Heavy Load/Washing Machine - Heavy Load.2cgi0iim.cbor,Heavy Load
15258,0.14245499670505524,0.24181437492370605,9.807847023010254,39,Data/Raw/Heavy Load/Washing Machine - Heavy Load.2cgi0iim.cbor,Heavy Load
15259,-0.1867477297782898,0.18555063009262085,9.733627319335938,39,Data/Raw/Heavy Load/Washing Machine - Heavy Load.2cgi0iim.cbor,Heavy Load
15260,-0.36152446269989014,0.395043283700943,9.72285270690918,39,Data/Raw/Heavy Load/Washing Machine - Heavy Load.2cgi0iim.cbor,Heavy Load
15261,-0.4812345504760742,0.272938996553421,9.613917350769043,39,Data/Raw/Heavy Load/Washing Machine - Heavy Load.2cgi0iim.cbor,Heavy Load
15262,0.009576806798577309,0.3902548849582672,9.457097053527832,39,Data/Raw/Heavy Load/Washing Machine - Heavy Load.2cgi0iim.cbor,Heavy Load
15263,0.04189852997660637,0.19033902883529663,9.710882186889648,39,Data/Raw/Heavy Load/Washing Machine - Heavy Load.2cgi0iim.cbor,Heavy Load
15264,-0.07900865375995636,0.11133038252592087,9.731232643127441,39,Data/Raw/Heavy Load/Washing Machine - Heavy Load.2cgi0iim.cbor,Heavy Load
15265,-0.5135562419891357,0.31124621629714966,9.65222454071045,39,Data/Raw/Heavy Load/Washing Machine - Heavy Load.2cgi0iim.cbor,Heavy Load
15266,-0.3232172429561615,0.26096799969673157,9.865307807922363,39,Data/Raw/Heavy Load/Washing Machine - Heavy Load.2cgi0iim.cbor,Heavy Load
15267,-0.19273324310779572,0.3842693865299225,9.460687637329102,39,Data/Raw/Heavy Load/Washing Machine - Heavy Load.2cgi0iim.cbor,Heavy Load
15268,0.5710170865058899,0.09217676520347595,9.78989028930664,39,Data/Raw/Heavy Load/Washing Machine - Heavy Load.2cgi0iim.cbor,Heavy Load
15269,-0.026336219161748886,0.016759412363171577,9.818621635437012,39,Data/Raw/Heavy Load/Washing Machine - Heavy Load.2cgi0iim.cbor,Heavy Load
15270,-0.6356605291366577,0.31842881441116333,9.609128952026367,39,Data/Raw/Heavy Load/Washing Machine - Heavy Load.2cgi0iim.cbor,Heavy Load
15271,-0.1735796183347702,0.181959331035614,9.915586471557617,39,Data/Raw/Heavy Load/Washing Machine - Heavy Load.2cgi0iim.cbor,Heavy Load
15272,-0.33039984107017517,0.42018240690231323,9.364919662475586,39,Data/Raw/Heavy Load/Washing Machine - Heavy Load.2cgi0iim.cbor,Heavy Load
15273,0.6823474764823914,0.09935937076807022,9.720458984375,39,Data/Raw/Heavy Load/Washing Machine - Heavy Load.2cgi0iim.cbor,Heavy Load
15274,-0.15083470940589905,0.23942017555236816,9.925163269042969,39,Data/Raw/Heavy Load/Washing Machine - Heavy Load.2cgi0iim.cbor,Heavy Load
15275,-0.6715735793113708,0.2693476974964142,9.563638687133789,39,Data/Raw/Heavy Load/Washing Machine - Heavy Load.2cgi0iim.cbor,Heavy Load
15276,-0.05386953800916672,0.20111294090747833,9.677363395690918,39,Data/Raw/Heavy Load/Washing Machine - Heavy Load.2cgi0iim.cbor,Heavy Load
15277,-0.4034229815006256,0.5207388401031494,9.337387084960938,39,Data/Raw/Heavy Load/Washing Machine - Heavy Load.2cgi0iim.cbor,Heavy Load
15278,0.7960720658302307,0.20231004059314728,9.623494148254395,39,Data/Raw/Heavy Load/Washing Machine - Heavy Load.2cgi0iim.cbor,Heavy Load
15279,-0.1256955862045288,0.2932897210121155,9.724050521850586,39,Data/Raw/Heavy Load/Washing Machine - Heavy Load.2cgi0iim.cbor,Heavy Load
15280,-0.5506663918495178,0.3076549172401428,9.498994827270508,39,Data/Raw/Heavy Load/Washing Machine - Heavy Load.2cgi0iim.cbor,Heavy Load
15281,-0.08738835901021957,0.2454056739807129,9.599552154541016,39,Data/Raw/Heavy Load/Washing Machine - Heavy Load.2cgi0iim.cbor,Heavy Load
15282,-0.46806642413139343,0.5446808934211731,9.41759204864502,39,Data/Raw/Heavy Load/Washing Machine - Heavy Load.2cgi0iim.cbor,Heavy Load
15283,0.7015010714530945,0.2908954918384552,9.59715747833252,39,Data/Raw/Heavy Load/Washing Machine - Heavy Load.2cgi0iim.cbor,Heavy Load
15284,0.016759412363171577,0.3208230137825012,9.850942611694336,39,Data/Raw/Heavy Load/Washing Machine - Heavy Load.2cgi0iim.cbor,Heavy Load
15285,0.05386953800916672,0.1867477297782898,10.002974510192871,39,Data/Raw/Heavy Load/Washing Machine - Heavy Load.2cgi0iim.cbor,Heavy Load
15286,-0.21308395266532898,0.26815059781074524,9.655815124511719,39,Data/Raw/Heavy Load/Washing Machine - Heavy Load.2cgi0iim.cbor,Heavy Load
15287,-0.49559974670410156,0.524330198764801,9.549273490905762,39,Data/Raw/Heavy Load/Washing Machine - Heavy Load.2cgi0iim.cbor,Heavy Load
15288,0.5781996846199036,0.2908954918384552,9.671378135681152,39,Data/Raw/Heavy Load/Washing Machine - Heavy Load.2cgi0iim.cbor,Heavy Load
15289,0.061052143573760986,0.3531447649002075,9.939528465270996,39,Data/Raw/Heavy Load/Washing Machine - Heavy Load.2cgi0iim.cbor,Heavy Load
15290,0.11252748221158981,0.21428105235099792,10.049661636352539,39,Data/Raw/Heavy Load/Washing Machine - Heavy Load.2cgi0iim.cbor,Heavy Load
15291,-0.2717418968677521,0.2645592987537384,9.68933391571045,39,Data/Raw/Heavy Load/Washing Machine - Heavy Load.2cgi0iim.cbor,Heavy Load
15292,-0.5063736438751221,0.45489832758903503,9.569623947143555,39,Data/Raw/Heavy Load/Washing Machine - Heavy Load.2cgi0iim.cbor,Heavy Load
15293,0.424970805644989,0.3758896589279175,9.716867446899414,39,Data/Raw/Heavy Load/Washing Machine - Heavy Load.2cgi0iim.cbor,Heavy Load
15294,0.19033902883529663,0.2849099934101105,9.874884605407715,39,Data/Raw/Heavy Load/Washing Machine - Heavy Load.2cgi0iim.cbor,Heavy Load
15295,0.14604631066322327,0.2585737705230713,9.950302124023438,39,Data/Raw/Heavy Load/Washing Machine - Heavy Load.2cgi0iim.cbor,Heavy Load
15296,-0.22744916379451752,0.2454056739807129,9.759963035583496,39,Data/Raw/Heavy Load/Washing Machine - Heavy Load.2cgi0iim.cbor,Heavy Load
15297,-0.30286651849746704,0.3100491166114807,9.673771858215332,39,Data/Raw/Heavy Load/Washing Machine - Heavy Load.2cgi0iim.cbor,Heavy Load
15298,0.34356793761253357,0.4082113802433014,9.601945877075195,39,Data/Raw/Heavy Load/Washing Machine - Heavy Load.2cgi0iim.cbor,Heavy Load
15299,0.1999158412218094,0.23343466222286224,9.745597839355469,39,Data/Raw/Heavy Load/Washing Machine - Heavy Load.2cgi0iim.cbor,Heavy Load
15300,0.15801730751991272,0.2513911724090576,9.837775230407715,39,Data/Raw/Heavy Load/Washing Machine - Heavy Load.2cgi0iim.cbor,Heavy Load
15301,-0.19273324310779572,0.22505496442317963,9.72285270690918,39,Data/Raw/Heavy Load/Washing Machine - Heavy Load.2cgi0iim.cbor,Heavy Load
15302,-0.28969839215278625,0.333991140127182,9.683348655700684,39,Data/Raw/Heavy Load/Washing Machine - Heavy Load.2cgi0iim.cbor,Heavy Load
15303,-0.5518634915351868,0.3627215623855591,9.397241592407227,39,Data/Raw/Heavy Load/Washing Machine - Heavy Load.2cgi0iim.cbor,Heavy Load
15304,0.2777273952960968,0.18914192914962769,9.708487510681152,39,Data/Raw/Heavy Load/Washing Machine - Heavy Load.2cgi0iim.cbor,Heavy Load
15305,0.15322890877723694,0.2513911724090576,9.801861763000488,39,Data/Raw/Heavy Load/Washing Machine - Heavy Load.2cgi0iim.cbor,Heavy Load
15306,-0.16759411990642548,0.15921440720558167,9.714473724365234,39,Data/Raw/Heavy Load/Washing Machine - Heavy Load.2cgi0iim.cbor,Heavy Load
15307,-0.3818751573562622,0.3603273630142212,9.697713851928711,39,Data/Raw/Heavy Load/Washing Machine - Heavy Load.2cgi0iim.cbor,Heavy Load
15308,-0.4728548228740692,0.304063618183136,9.617507934570312,39,Data/Raw/Heavy Load/Washing Machine - Heavy Load.2cgi0iim.cbor,Heavy Load
15309,0.34835633635520935,0.14604631066322327,9.66539192199707,39,Data/Raw/Heavy Load/Washing Machine - Heavy Load.2cgi0iim.cbor,Heavy Load
15310,0.043095629662275314,0.25977087020874023,9.782708168029785,39,Data/Raw/Heavy Load/Washing Machine - Heavy Load.2cgi0iim.cbor,Heavy Load
15311,-0.10295066982507706,0.0802057534456253,9.706093788146973,39,Data/Raw/Heavy Load/Washing Machine - Heavy Load.2cgi0iim.cbor,Heavy Load
15312,-0.50876784324646,0.3447650372982025,9.634267807006836,39,Data/Raw/Heavy Load/Washing Machine - Heavy Load.2cgi0iim.cbor,Heavy Load
15313,-0.33039984107017517,0.25258827209472656,9.815030097961426,39,Data/Raw/Heavy Load/Washing Machine - Heavy Load.2cgi0iim.cbor,Heavy Load
15314,-0.16879121959209442,0.3770867586135864,9.434351921081543,39,Data/Raw/Heavy Load/Washing Machine - Heavy Load.2cgi0iim.cbor,Heavy Load
15315,-0.08978256583213806,0.22266076505184174,9.692925453186035,39,Data/Raw/Heavy Load/Washing Machine - Heavy Load.2cgi0iim.cbor,Heavy Load
15316,-0.017956512048840523,0.05027823522686958,9.84495735168457,39,Data/Raw/Heavy Load/Washing Machine - Heavy Load.2cgi0iim.cbor,Heavy Load
15317,-0.629675030708313,0.31842881441116333,9.59476375579834,39,Data/Raw/Heavy Load/Washing Machine - Heavy Load.2cgi0iim.cbor,Heavy Load
15318,-0.17717093229293823,0.21547815203666687,9.832986831665039,39,Data/Raw/Heavy Load/Washing Machine - Heavy Load.2cgi0iim.cbor,Heavy Load
15319,-0.34356793761253357,0.424970805644989,9.411606788635254,39,Data/Raw/Heavy Load/Washing Machine - Heavy Load.2cgi0iim.cbor,Heavy Load
15320,0.7050924301147461,0.12689268589019775,9.730035781860352,39,Data/Raw/Heavy Load/Washing Machine - Heavy Load.2cgi0iim.cbor,Heavy Load
15321,0.02513911761343479,0.05985504388809204,9.9371337890625,39,Data/Raw/Heavy Load/Washing Machine - Heavy Load.2cgi0iim.cbor,Heavy Load
15322,-0.6320692300796509,0.3172317147254944,9.53849983215332,39,Data/Raw/Heavy Load/Washing Machine - Heavy Load.2cgi0iim.cbor,Heavy Load
15323,-0.05626374110579491,0.18555063009262085,9.75278091430664,39,Data/Raw/Heavy Load/Washing Machine - Heavy Load.2cgi0iim.cbor,Heavy Load
15324,-0.4213795065879822,0.5003881454467773,9.295488357543945,39,Data/Raw/Heavy Load/Washing Machine - Heavy Load.2cgi0iim.cbor,Heavy Load
15325,0.7625532150268555,0.22505496442317963,9.633070945739746,39,Data/Raw/Heavy Load/Washing Machine - Heavy Load.2cgi0iim.cbor,Heavy Load
15326,-0.11013327538967133,0.2645592987537384,9.695320129394531,39,Data/Raw/Heavy Load/Washing Machine - Heavy Load.2cgi0iim.cbor,Heavy Load
15327,-0.5781996846199036,0.26575639843940735,9.526528358459473,39,Data/Raw/Heavy Load/Washing Machine - Heavy Load.2cgi0iim.cbor,Heavy Load
15328,-0.0586579404771328,0.24420857429504395,9.615114212036133,39,Data/Raw/Heavy Load/Washing Machine - Heavy Load.2cgi0iim.cbor,Heavy Load
15329,-0.48243165016174316,0.507570743560791,9.442731857299805,39,Data/Raw/Heavy Load/Washing Machine - Heavy Load.2cgi0iim.cbor,Heavy Load
15330,0.6991068720817566,0.272938996553421,9.634267807006836,39,Data/Raw/Heavy Load/Washing Machine - Heavy Load.2cgi0iim.cbor,Heavy Load
15331,0.02753331884741783,0.31364041566848755,9.831789016723633,39,Data/Raw/Heavy Load/Washing Machine - Heavy Load.2cgi0iim.cbor,Heavy Load
15332,0.09816227108240128,0.20470423996448517,9.676166534423828,39,Data/Raw/Heavy Load/Washing Machine - Heavy Load.2cgi0iim.cbor,Heavy Load
15333,-0.21787235140800476,0.3016694188117981,9.684545516967773,39,Data/Raw/Heavy Load/Washing Machine - Heavy Load.2cgi0iim.cbor,Heavy Load
15334,-0.5219359993934631,0.5171475410461426,9.580398559570312,39,Data/Raw/Heavy Load/Washing Machine - Heavy Load.2cgi0iim.cbor,Heavy Load
15335,0.5674257874488831,0.36990416049957275,9.720458984375,39,Data/Raw/Heavy Load/Washing Machine - Heavy Load.2cgi0iim.cbor,Heavy Load
15336,0.06344634294509888,0.29209262132644653,10.002974510192871,39,Data/Raw/Heavy Load/Washing Machine - Heavy Load.2cgi0iim.cbor,Heavy Load
15337,0.11851298063993454,0.25258827209472656,9.97065258026123,39,Data/Raw/Heavy Load/Washing Machine - Heavy Load.2cgi0iim.cbor,Heavy Load
15338,-0.27653029561042786,0.27892449498176575,9.701305389404297,39,Data/Raw/Heavy Load/Washing Machine - Heavy Load.2cgi0iim.cbor,Heavy Load
15339,-0.5674257874488831,0.4321534037590027,9.478644371032715,39,Data/Raw/Heavy Load/Washing Machine - Heavy Load.2cgi0iim.cbor,Heavy Load
15340,0.4141969084739685,0.3734954595565796,9.659406661987305,39,Data/Raw/Heavy Load/Washing Machine - Heavy Load.2cgi0iim.cbor,Heavy Load
15341,0.19393034279346466,0.3232172429561615,9.886856079101562,39,Data/Raw/Heavy Load/Washing Machine - Heavy Load.2cgi0iim.cbor,Heavy Load
15342,0.16639702022075653,0.2406172752380371,9.949105262756348,39,Data/Raw/Heavy Load/Washing Machine - Heavy Load.2cgi0iim.cbor,Heavy Load
15343,-0.22625206410884857,0.243011474609375,9.78989028930664,39,Data/Raw/Heavy Load/Washing Machine - Heavy Load.2cgi0iim.cbor,Heavy Load
15344,-0.5530605912208557,0.3866635859012604,9.459490776062012,39,Data/Raw/Heavy Load/Washing Machine - Heavy Load.2cgi0iim.cbor,Heavy Load
15345,0.2801215946674347,0.4118026793003082,9.625887870788574,39,Data/Raw/Heavy Load/Washing Machine - Heavy Load.2cgi0iim.cbor,Heavy Load
15346,0.23822307586669922,0.25977087020874023,9.750386238098145,39,Data/Raw/Heavy Load/Washing Machine - Heavy Load.2cgi0iim.cbor,Heavy Load
15347,0.14365209639072418,0.23822307586669922,9.891644477844238,39,Data/Raw/Heavy Load/Washing Machine - Heavy Load.2cgi0iim.cbor,Heavy Load
15348,-0.2322375625371933,0.1999158412218094,9.732429504394531,39,Data/Raw/Heavy Load/Washing Machine - Heavy Load.2cgi0iim.cbor,Heavy Load
15349,-0.3172317147254944,0.36152446269989014,9.641449928283691,39,Data/Raw/Heavy Load/Washing Machine - Heavy Load.2cgi0iim.cbor,Heavy Load
15350,0.16639702022075653,0.44532153010368347,9.435548782348633,39,Data/Raw/Heavy Load/Washing Machine - Heavy Load.2cgi0iim.cbor,Heavy Load
15351,0.31124621629714966,0.13407529890537262,9.658209800720215,39,Data/Raw/Heavy Load/Washing Machine - Heavy Load.2cgi0iim.cbor,Heavy Load
15352,0.11971008777618408,0.25977087020874023,9.834183692932129,39,Data/Raw/Heavy Load/Washing Machine - Heavy Load.2cgi0iim.cbor,Heavy Load
15353,-0.1843535304069519,0.13407529890537262,9.695320129394531,39,Data/Raw/Heavy Load/Washing Machine - Heavy Load.2cgi0iim.cbor,Heavy Load
15354,-0.40462008118629456,0.33039984107017517,9.678560256958008,39,Data/Raw/Heavy Load/Washing Machine - Heavy Load.2cgi0iim.cbor,Heavy Load
15355,-0.48722004890441895,0.28969839215278625,9.682151794433594,39,Data/Raw/Heavy Load/Washing Machine - Heavy Load.2cgi0iim.cbor,Heavy Load
15356,0.3734954595565796,0.07900865375995636,9.701305389404297,39,Data/Raw/Heavy Load/Washing Machine - Heavy Load.2cgi0iim.cbor,Heavy Load
15357,0.023942016065120697,0.25498247146606445,9.757569313049316,39,Data/Raw/Heavy Load/Washing Machine - Heavy Load.2cgi0iim.cbor,Heavy Load
15358,-0.07900865375995636,0.035913024097681046,9.817423820495605,39,Data/Raw/Heavy Load/Washing Machine - Heavy Load.2cgi0iim.cbor,Heavy Load
15359,-0.5650315880775452,0.30047231912612915,9.623494148254395,39,Data/Raw/Heavy Load/Washing Machine - Heavy Load.2cgi0iim.cbor,Heavy Load
15360,-0.27892449498176575,0.23702596127986908,9.854534149169922,39,Data/Raw/Heavy Load/Washing Machine - Heavy Load.2cgi0iim.cbor,Heavy Load
15361,-0.2346317619085312,0.3232172429561615,9.412803649902344,39,Data/Raw/Heavy Load/Washing Machine - Heavy Load.2cgi0iim.cbor,Heavy Load
15362,-0.14484919607639313,0.15921440720558167,9.701305389404297,39,Data/Raw/Heavy Load/Washing Machine - Heavy Load.2cgi0iim.cbor,Heavy Load
15363,0.004788403399288654,0.08259996026754379,9.892841339111328,39,Data/Raw/Heavy Load/Washing Machine - Heavy Load.2cgi0iim.cbor,Heavy Load
15364,-0.667982280254364,0.23942017555236816,9.615114212036133,39,Data/Raw/Heavy Load/Washing Machine - Heavy Load.2cgi0iim.cbor,Heavy Load
15365,-0.12928688526153564,0.21428105235099792,9.77791976928711,39,Data/Raw/Heavy Load/Washing Machine - Heavy Load.2cgi0iim.cbor,Heavy Load
15366,-0.3495534360408783,0.3974374830722809,9.402029991149902,39,Data/Raw/Heavy Load/Washing Machine - Heavy Load.2cgi0iim.cbor,Heavy Load
15367,0.6919242739677429,0.15562310814857483,9.651026725769043,39,Data/Raw/Heavy Load/Washing Machine - Heavy Load.2cgi0iim.cbor,Heavy Load
15368,0.047884032130241394,0.10534487664699554,9.882067680358887,39,Data/Raw/Heavy Load/Washing Machine - Heavy Load.2cgi0iim.cbor,Heavy Load
15369,-0.629675030708313,0.2621650993824005,9.5408935546875,39,Data/Raw/Heavy Load/Washing Machine - Heavy Load.2cgi0iim.cbor,Heavy Load
15370,-0.09816227108240128,0.22625206410884857,9.611522674560547,39,Data/Raw/Heavy Load/Washing Machine - Heavy Load.2cgi0iim.cbor,Heavy Load
15371,-0.3770867586135864,0.507570743560791,9.35654067993164,39,Data/Raw/Heavy Load/Washing Machine - Heavy Load.2cgi0iim.cbor,Heavy Load
15372,0.7433996200561523,0.20350714027881622,9.582792282104492,39,Data/Raw/Heavy Load/Washing Machine - Heavy Load.2cgi0iim.cbor,Heavy Load
15373,0.25737667083740234,0.1388636976480484,9.956287384033203,39,Data/Raw/Heavy Load/Washing Machine - Heavy Load.2cgi0iim.cbor,Heavy Load
15374,-0.4944026470184326,0.3076549172401428,9.57201862335205,39,Data/Raw/Heavy Load/Washing Machine - Heavy Load.2cgi0iim.cbor,Heavy Load
15375,-0.1364694982767105,0.25258827209472656,9.667786598205566,39,Data/Raw/Heavy Load/Washing Machine - Heavy Load.2cgi0iim.cbor,Heavy Load
15376,-0.4704606235027313,0.5099649429321289,9.464279174804688,39,Data/Raw/Heavy Load/Washing Machine - Heavy Load.2cgi0iim.cbor,Heavy Load
15377,0.6500257849693298,0.3148375153541565,9.634267807006836,39,Data/Raw/Heavy Load/Washing Machine - Heavy Load.2cgi0iim.cbor,Heavy Load
15378,0.08379705995321274,0.30526071786880493,9.872490882873535,39,Data/Raw/Heavy Load/Washing Machine - Heavy Load.2cgi0iim.cbor,Heavy Load
15379,-0.33997663855552673,0.24660277366638184,9.593565940856934,39,Data/Raw/Heavy Load/Washing Machine - Heavy Load.2cgi0iim.cbor,Heavy Load
15380,-0.2777273952960968,0.3148375153541565,9.62947940826416,39,Data/Raw/Heavy Load/Washing Machine - Heavy Load.2cgi0iim.cbor,Heavy Load
15381,-0.5327098965644836,0.46327802538871765,9.57321548461914,39,Data/Raw/Heavy Load/Washing Machine - Heavy Load.2cgi0iim.cbor,Heavy Load
15382,0.5219359993934631,0.3519476354122162,9.683348655700684,39,Data/Raw/Heavy Load/Washing Machine - Heavy Load.2cgi0iim.cbor,Heavy Load
15383,0.1364694982767105,0.2825157940387726,9.945513725280762,39,Data/Raw/Heavy Load/Washing Machine - Heavy Load.2cgi0iim.cbor,Heavy Load
15384,0.0694318488240242,0.2537853717803955,9.956287384033203,39,Data/Raw/Heavy Load/Washing Machine - Heavy Load.2cgi0iim.cbor,Heavy Load
15385,-0.3495534360408783,0.3232172429561615,9.704896926879883,39,Data/Raw/Heavy Load/Washing Machine - Heavy Load.2cgi0iim.cbor,Heavy Load
15386,-0.5351040959358215,0.42377370595932007,9.576807022094727,39,Data/Raw/Heavy Load/Washing Machine - Heavy Load.2cgi0iim.cbor,Heavy Load
15387,0.3447650372982025,0.38905778527259827,9.659406661987305,39,Data/Raw/Heavy Load/Washing Machine - Heavy Load.2cgi0iim.cbor,Heavy Load
15388,0.2298433631658554,0.2454056739807129,9.915586471557617,39,Data/Raw/Heavy Load/Washing Machine - Heavy Load.2cgi0iim.cbor,Heavy Load
15389,0.10534487664699554,0.2968810200691223,9.883264541625977,39,Data/Raw/Heavy Load/Washing Machine - Heavy Load.2cgi0iim.cbor,Heavy Load
15390,-0.19033902883529663,0.19632454216480255,9.773131370544434,39,Data/Raw/Heavy Load/Washing Machine - Heavy Load.2cgi0iim.cbor,Heavy Load
15391,-0.5961562395095825,0.3770867586135864,9.41759204864502,39,Data/Raw/Heavy Load/Washing Machine - Heavy Load.2cgi0iim.cbor,Heavy Load
15392,0.2968810200691223,0.4728548228740692,9.561244010925293,39,Data/Raw/Heavy Load/Washing Machine - Heavy Load.2cgi0iim.cbor,Heavy Load
15393,0.2669534981250763,0.20709845423698425,9.743204116821289,39,Data/Raw/Heavy Load/Washing Machine - Heavy Load.2cgi0iim.cbor,Heavy Load
15394,0.10175357013940811,0.27653029561042786,9.861717224121094,39,Data/Raw/Heavy Load/Washing Machine - Heavy Load.2cgi0iim.cbor,Heavy Load
15395,-0.16998831927776337,0.23702596127986908,9.68694019317627,39,Data/Raw/Heavy Load/Washing Machine - Heavy Load.2cgi0iim.cbor,Heavy Load
15396,-0.3758896589279175,0.3292027413845062,9.321824073791504,39,Data/Raw/Heavy Load/Washing Machine - Heavy Load.2cgi0iim.cbor,Heavy Load
15397,0.12689268589019775,0.4118026793003082,9.411606788635254,39,Data/Raw/Heavy Load/Washing Machine - Heavy Load.2cgi0iim.cbor,Heavy Load
15398,0.3519476354122162,0.17717093229293823,9.640253067016602,39,Data/Raw/Heavy Load/Washing Machine - Heavy Load.2cgi0iim.cbor,Heavy Load
15399,0.07661445438861847,0.23942017555236816,9.785101890563965,39,Data/Raw/Heavy Load/Washing Machine - Heavy Load.2cgi0iim.cbor,Heavy Load
15400,-0.10055647045373917,0.12449848651885986,9.710882186889648,39,Data/Raw/Heavy Load/Washing Machine - Heavy Load.2cgi0iim.cbor,Heavy Load
15401,-0.4572925269603729,0.3531447649002075,9.680954933166504,39,Data/Raw/Heavy Load/Washing Machine - Heavy Load.2cgi0iim.cbor,Heavy Load
15402,-0.4596867263317108,0.38546648621559143,9.488221168518066,39,Data/Raw/Heavy Load/Washing Machine - Heavy Load.2cgi0iim.cbor,Heavy Load
15403,0.43335050344467163,0.11133038252592087,9.747992515563965,39,Data/Raw/Heavy Load/Washing Machine - Heavy Load.2cgi0iim.cbor,Heavy Load
15404,-0.02274491637945175,0.22385786473751068,9.71926212310791,39,Data/Raw/Heavy Load/Washing Machine - Heavy Load.2cgi0iim.cbor,Heavy Load
15405,-0.040701430290937424,0.06823474913835526,9.828198432922363,39,Data/Raw/Heavy Load/Washing Machine - Heavy Load.2cgi0iim.cbor,Heavy Load
15406,-0.5901707410812378,0.30286651849746704,9.63187313079834,39,Data/Raw/Heavy Load/Washing Machine - Heavy Load.2cgi0iim.cbor,Heavy Load
15407,-0.27413609623908997,0.2106897532939911,9.84256362915039,39,Data/Raw/Heavy Load/Washing Machine - Heavy Load.2cgi0iim.cbor,Heavy Load
15408,0.586579442024231,0.08619125932455063,9.751583099365234,39,Data/Raw/Heavy Load/Washing Machine - Heavy Load.2cgi0iim.cbor,Heavy Load
15409,-0.14604631066322327,0.20231004059314728,9.694122314453125,39,Data/Raw/Heavy Load/Washing Machine - Heavy Load.2cgi0iim.cbor,Heavy Load
15410,-0.011971008032560349,0.05267243832349777,9.871294021606445,39,Data/Raw/Heavy Load/Washing Machine - Heavy Load.2cgi0iim.cbor,Heavy Load
15411,-0.6512228846549988,0.3208230137825012,9.609128952026367,39,Data/Raw/Heavy Load/Washing Machine - Heavy Load.2cgi0iim.cbor,Heavy Load
15412,-0.14604631066322327,0.15442600846290588,9.767146110534668,39,Data/Raw/Heavy Load/Washing Machine - Heavy Load.2cgi0iim.cbor,Heavy Load
15413,-0.3363853394985199,0.4836287498474121,9.406818389892578,39,Data/Raw/Heavy Load/Washing Machine - Heavy Load.2cgi0iim.cbor,Heavy Load
15414,-0.1280897855758667,0.28730419278144836,9.646238327026367,39,Data/Raw/Heavy Load/Washing Machine - Heavy Load.2cgi0iim.cbor,Heavy Load
15415,0.04429273307323456,0.08978256583213806,9.895236015319824,39,Data/Raw/Heavy Load/Washing Machine - Heavy Load.2cgi0iim.cbor,Heavy Load
15416,-0.6260837316513062,0.3124433159828186,9.513360023498535,39,Data/Raw/Heavy Load/Washing Machine - Heavy Load.2cgi0iim.cbor,Heavy Load
15417,-0.07182604819536209,0.243011474609375,9.66299819946289,39,Data/Raw/Heavy Load/Washing Machine - Heavy Load.2cgi0iim.cbor,Heavy Load
15418,-0.4572925269603729,0.5219359993934631,9.349357604980469,39,Data/Raw/Heavy Load/Washing Machine - Heavy Load.2cgi0iim.cbor,Heavy Load
15419,0.7613561153411865,0.2513911724090576,9.610325813293457,39,Data/Raw/Heavy Load/Washing Machine - Heavy Load.2cgi0iim.cbor,Heavy Load
15420,0.09576806426048279,0.18315643072128296,9.929951667785645,39,Data/Raw/Heavy Load/Washing Machine - Heavy Load.2cgi0iim.cbor,Heavy Load
15421,-0.4920084476470947,0.26336219906806946,9.568427085876465,39,Data/Raw/Heavy Load/Washing Machine - Heavy Load.2cgi0iim.cbor,Heavy Load
15422,-0.16998831927776337,0.2777273952960968,9.640253067016602,39,Data/Raw/Heavy Load/Washing Machine - Heavy Load.2cgi0iim.cbor,Heavy Load
15423,-0.50876784324646,0.4991910457611084,9.478644371032715,39,Data/Raw/Heavy Load/Washing Machine - Heavy Load.2cgi0iim.cbor,Heavy Load
15424,0.6847416758537292,0.29807811975479126,9.618705749511719,39,Data/Raw/Heavy Load/Washing Machine - Heavy Load.2cgi0iim.cbor,Heavy Load
15425,0.05027823522686958,0.31364041566848755,9.894038200378418,39,Data/Raw/Heavy Load/Washing Machine - Heavy Load.2cgi0iim.cbor,Heavy Load
15426,-0.333991140127182,0.2621650993824005,9.648633003234863,39,Data/Raw/Heavy Load/Washing Machine - Heavy Load.2cgi0iim.cbor,Heavy Load
15427,-0.3100491166114807,0.28730419278144836,9.684545516967773,39,Data/Raw/Heavy Load/Washing Machine - Heavy Load.2cgi0iim.cbor,Heavy Load
15428,-0.5207388401031494,0.47644615173339844,9.600749015808105,39,Data/Raw/Heavy Load/Washing Machine - Heavy Load.2cgi0iim.cbor,Heavy Load
15429,0.5003881454467773,0.365115761756897,9.708487510681152,39,Data/Raw/Heavy Load/Washing Machine - Heavy Load.2cgi0iim.cbor,Heavy Load
15430,0.12090718746185303,0.3076549172401428,9.953893661499023,39,Data/Raw/Heavy Load/Washing Machine - Heavy Load.2cgi0iim.cbor,Heavy Load
15431,0.1364694982767105,0.2777273952960968,9.75397777557373,39,Data/Raw/Heavy Load/Washing Machine - Heavy Load.2cgi0iim.cbor,Heavy Load
15432,-0.3100491166114807,0.3495534360408783,9.680954933166504,39,Data/Raw/Heavy Load/Washing Machine - Heavy Load.2cgi0iim.cbor,Heavy Load
15433,-0.5351040959358215,0.40940847992897034,9.509769439697266,39,Data/Raw/Heavy Load/Washing Machine - Heavy Load.2cgi0iim.cbor,Heavy Load
15434,0.3734954595565796,0.3926490843296051,9.684545516967773,39,Data/Raw/Heavy Load/Washing Machine - Heavy Load.2cgi0iim.cbor,Heavy Load
15435,0.22026655077934265,0.2693476974964142,9.871294021606445,39,Data/Raw/Heavy Load/Washing Machine - Heavy Load.2cgi0iim.cbor,Heavy Load
15436,0.12210428714752197,0.2669534981250763,9.841365814208984,39,Data/Raw/Heavy Load/Washing Machine - Heavy Load.2cgi0iim.cbor,Heavy Load
15437,-0.3411737382411957,0.35673606395721436,9.648633003234863,39,Data/Raw/Heavy Load/Washing Machine - Heavy Load.2cgi0iim.cbor,Heavy Load
15438,-0.5434837937355042,0.39624038338661194,9.376891136169434,39,Data/Raw/Heavy Load/Washing Machine - Heavy Load.2cgi0iim.cbor,Heavy Load
15439,0.2513911724090576,0.42018240690231323,9.533711433410645,39,Data/Raw/Heavy Load/Washing Machine - Heavy Load.2cgi0iim.cbor,Heavy Load
15440,0.29568392038345337,0.23822307586669922,9.72165584564209,39,Data/Raw/Heavy Load/Washing Machine - Heavy Load.2cgi0iim.cbor,Heavy Load
15441,0.10055647045373917,0.24660277366638184,9.815030097961426,39,Data/Raw/Heavy Load/Washing Machine - Heavy Load.2cgi0iim.cbor,Heavy Load
15442,-0.19033902883529663,0.2106897532939911,9.733627319335938,39,Data/Raw/Heavy Load/Washing Machine - Heavy Load.2cgi0iim.cbor,Heavy Load
15443,-0.5518634915351868,0.31124621629714966,9.57441234588623,39,Data/Raw/Heavy Load/Washing Machine - Heavy Load.2cgi0iim.cbor,Heavy Load
15444,0.11851298063993454,0.42856210470199585,9.423578262329102,39,Data/Raw/Heavy Load/Washing Machine - Heavy Load.2cgi0iim.cbor,Heavy Load
15445,0.3363853394985199,0.11851298063993454,9.682151794433594,39,Data/Raw/Heavy Load/Washing Machine - Heavy Load.2cgi0iim.cbor,Heavy Load
15446,0.07781155407428741,0.22625206410884857,9.783905029296875,39,Data/Raw/Heavy Load/Washing Machine - Heavy Load.2cgi0iim.cbor,Heavy Load
15447,-0.14245499670505524,0.10893617570400238,9.703699111938477,39,Data/Raw/Heavy Load/Washing Machine - Heavy Load.2cgi0iim.cbor,Heavy Load
15448,-0.42377370595932007,0.3495534360408783,9.610325813293457,39,Data/Raw/Heavy Load/Washing Machine - Heavy Load.2cgi0iim.cbor,Heavy Load
15449,-0.08738835901021957,0.3974374830722809,9.458293914794922,39,Data/Raw/Heavy Load/Washing Machine - Heavy Load.2cgi0iim.cbor,Heavy Load
15450,0.4668693244457245,0.10295066982507706,9.783905029296875,39,Data/Raw/Heavy Load/Washing Machine - Heavy Load.2cgi0iim.cbor,Heavy Load
15451,-0.04189852997660637,0.2106897532939911,9.726444244384766,39,Data/Raw/Heavy Load/Washing Machine - Heavy Load.2cgi0iim.cbor,Heavy Load
15452,-0.040701430290937424,0.023942016065120697,9.768342971801758,39,Data/Raw/Heavy Load/Washing Machine - Heavy Load.2cgi0iim.cbor,Heavy Load
15453,-0.6057330369949341,0.31124621629714966,9.647436141967773,39,Data/Raw/Heavy Load/Washing Machine - Heavy Load.2cgi0iim.cbor,Heavy Load
15454,-0.28131869435310364,0.20111294090747833,9.886856079101562,39,Data/Raw/Heavy Load/Washing Machine - Heavy Load.2cgi0iim.cbor,Heavy Load
15455,0.6368576288223267,0.08978256583213806,9.759963035583496,39,Data/Raw/Heavy Load/Washing Machine - Heavy Load.2cgi0iim.cbor,Heavy Load
15456,-0.1388636976480484,0.23104046285152435,9.703699111938477,39,Data/Raw/Heavy Load/Washing Machine - Heavy Load.2cgi0iim.cbor,Heavy Load
15457,0.026336219161748886,0.05386953800916672,9.883264541625977,39,Data/Raw/Heavy Load/Washing Machine - Heavy Load.2cgi0iim.cbor,Heavy Load
15458,-0.6715735793113708,0.2801215946674347,9.613917350769043,39,Data/Raw/Heavy Load/Washing Machine - Heavy Load.2cgi0iim.cbor,Heavy Load
15459,-0.09935937076807022,0.19153612852096558,9.71926212310791,39,Data/Raw/Heavy Load/Washing Machine - Heavy Load.2cgi0iim.cbor,Heavy Load
15460,-0.42018240690231323,0.15322890877723694,9.660603523254395,39,Data/Raw/Heavy Load/Washing Machine - Heavy Load.2cgi0iim.cbor,Heavy Load
15461,-0.15322890877723694,0.24181437492370605,9.65222454071045,39,Data/Raw/Heavy Load/Washing Machine - Heavy Load.2cgi0iim.cbor,Heavy Load
15462,0.07661445438861847,0.10295066982507706,9.943120002746582,39,Data/Raw/Heavy Load/Washing Machine - Heavy Load.2cgi0iim.cbor,Heavy Load
15463,-0.6200982332229614,0.304063618183136,9.503783226013184,39,Data/Raw/Heavy Load/Washing Machine - Heavy Load.2cgi0iim.cbor,Heavy Load
15464,-0.035913024097681046,0.22505496442317963,9.636661529541016,39,Data/Raw/Heavy Load/Washing Machine - Heavy Load.2cgi0iim.cbor,Heavy Load
15465,-0.48961424827575684,0.5351040959358215,9.321824073791504,39,Data/Raw/Heavy Load/Washing Machine - Heavy Load.2cgi0iim.cbor,Heavy Load
15466,-0.015562310814857483,0.3124433159828186,9.84256362915039,39,Data/Raw/Heavy Load/Washing Machine - Heavy Load.2cgi0iim.cbor,Heavy Load
15467,0.07302315533161163,0.15801730751991272,9.965864181518555,39,Data/Raw/Heavy Load/Washing Machine - Heavy Load.2cgi0iim.cbor,Heavy Load
15468,-0.4920084476470947,0.27054479718208313,9.533711433410645,39,Data/Raw/Heavy Load/Washing Machine - Heavy Load.2cgi0iim.cbor,Heavy Load
15469,-0.15682020783424377,0.24779987335205078,9.641449928283691,39,Data/Raw/Heavy Load/Washing Machine - Heavy Load.2cgi0iim.cbor,Heavy Load
15470,-0.5315127968788147,0.5111620426177979,9.48462963104248,39,Data/Raw/Heavy Load/Washing Machine - Heavy Load.2cgi0iim.cbor,Heavy Load
15471,0.6488286852836609,0.3124433159828186,9.6618013381958,39,Data/Raw/Heavy Load/Washing Machine - Heavy Load.2cgi0iim.cbor,Heavy Load
15472,0.1041477769613266,0.20470423996448517,10.02691650390625,39,Data/Raw/Heavy Load/Washing Machine - Heavy Load.2cgi0iim.cbor,Heavy Load
15473,-0.3292027413845062,0.2669534981250763,9.640253067016602,39,Data/Raw/Heavy Load/Washing Machine - Heavy Load.2cgi0iim.cbor,Heavy Load
15474,-0.2861070930957794,0.2885012924671173,9.637859344482422,39,Data/Raw/Heavy Load/Washing Machine - Heavy Load.2cgi0iim.cbor,Heavy Load
15475,-0.5410895943641663,0.4620809257030487,9.578003883361816,39,Data/Raw/Heavy Load/Washing Machine - Heavy Load.2cgi0iim.cbor,Heavy Load
15476,0.47644615173339844,0.3663128614425659,9.696516990661621,39,Data/Raw/Heavy Load/Washing Machine - Heavy Load.2cgi0iim.cbor,Heavy Load
15477,0.13168109953403473,0.31124621629714966,9.941922187805176,39,Data/Raw/Heavy Load/Washing Machine - Heavy Load.2cgi0iim.cbor,Heavy Load
15478,-0.21428105235099792,0.23343466222286224,9.75637149810791,39,Data/Raw/Heavy Load/Washing Machine - Heavy Load.2cgi0iim.cbor,Heavy Load
15479,-0.31124621629714966,0.3280056416988373,9.658209800720215,39,Data/Raw/Heavy Load/Washing Machine - Heavy Load.2cgi0iim.cbor,Heavy Load
15480,-0.5877765417098999,0.43335050344467163,9.522936820983887,39,Data/Raw/Heavy Load/Washing Machine - Heavy Load.2cgi0iim.cbor,Heavy Load
15481,0.3627215623855591,0.39384618401527405,9.677363395690918,39,Data/Raw/Heavy Load/Washing Machine - Heavy Load.2cgi0iim.cbor,Heavy Load
15482,0.21547815203666687,0.2861070930957794,9.827000617980957,39,Data/Raw/Heavy Load/Washing Machine - Heavy Load.2cgi0iim.cbor,Heavy Load
15483,0.12330138683319092,0.2585737705230713,9.874884605407715,39,Data/Raw/Heavy Load/Washing Machine - Heavy Load.2cgi0iim.cbor,Heavy Load
15484,-0.3315969407558441,0.33997663855552673,9.677363395690918,39,Data/Raw/Heavy Load/Washing Machine - Heavy Load.2cgi0iim.cbor,Heavy Load
15485,-0.5422866940498352,0.3711012601852417,9.390059471130371,39,Data/Raw/Heavy Load/Washing Machine - Heavy Load.2cgi0iim.cbor,Heavy Load
15486,0.24420857429504395,0.4429273009300232,9.48462963104248,39,Data/Raw/Heavy Load/Washing Machine - Heavy Load.2cgi0iim.cbor,Heavy Load
15487,0.26815059781074524,0.22385786473751068,9.676166534423828,39,Data/Raw/Heavy Load/Washing Machine - Heavy Load.2cgi0iim.cbor,Heavy Load
15488,0.1388636976480484,0.24420857429504395,9.815030097961426,39,Data/Raw/Heavy Load/Washing Machine - Heavy Load.2cgi0iim.cbor,Heavy Load
15489,-0.1999158412218094,0.20350714027881622,9.66539192199707,39,Data/Raw/Heavy Load/Washing Machine - Heavy Load.2cgi0iim.cbor,Heavy Load
15490,-0.5267243981361389,0.304063618183136,9.516951560974121,39,Data/Raw/Heavy Load/Washing Machine - Heavy Load.2cgi0iim.cbor,Heavy Load
15491,0.08379705995321274,0.40462008118629456,9.411606788635254,39,Data/Raw/Heavy Load/Washing Machine - Heavy Load.2cgi0iim.cbor,Heavy Load
15492,0.3770867586135864,0.16639702022075653,9.621099472045898,39,Data/Raw/Heavy Load/Washing Machine - Heavy Load.2cgi0iim.cbor,Heavy Load
15493,0.07541735470294952,0.2406172752380371,9.765948295593262,39,Data/Raw/Heavy Load/Washing Machine - Heavy Load.2cgi0iim.cbor,Heavy Load
15494,-0.12210428714752197,0.09217676520347595,9.670180320739746,39,Data/Raw/Heavy Load/Washing Machine - Heavy Load.2cgi0iim.cbor,Heavy Load
15495,-0.4800374507904053,0.2513911724090576,9.759963035583496,39,Data/Raw/Heavy Load/Washing Machine - Heavy Load.2cgi0iim.cbor,Heavy Load
15496,-0.10055647045373917,0.3926490843296051,9.475052833557129,39,Data/Raw/Heavy Load/Washing Machine - Heavy Load.2cgi0iim.cbor,Heavy Load
15497,0.4692635238170624,0.08858546614646912,9.702502250671387,39,Data/Raw/Heavy Load/Washing Machine - Heavy Load.2cgi0iim.cbor,Heavy Load
15498,-0.021547814831137657,0.24779987335205078,9.712079048156738,39,Data/Raw/Heavy Load/Washing Machine - Heavy Load.2cgi0iim.cbor,Heavy Load
15499,-0.05985504388809204,0.015562310814857483,9.81024169921875,39,Data/Raw/Heavy Load/Washing Machine - Heavy Load.2cgi0iim.cbor,Heavy Load
15500,-0.5889736413955688,0.33758243918418884,9.575610160827637,39,Data/Raw/Heavy Load/Washing Machine - Heavy Load.2cgi0iim.cbor,Heavy Load
15501,-0.2885012924671173,0.4082113802433014,9.366117477416992,39,Data/Raw/Heavy Load/Washing Machine - Heavy Load.2cgi0iim.cbor,Heavy Load
15502,0.6248866319656372,0.14245499670505524,9.725247383117676,39,Data/Raw/Heavy Load/Washing Machine - Heavy Load.2cgi0iim.cbor,Heavy Load
15503,-0.15442600846290588,0.21188685297966003,9.72285270690918,39,Data/Raw/Heavy Load/Washing Machine - Heavy Load.2cgi0iim.cbor,Heavy Load
15504,0.047884032130241394,0.07062894850969315,9.888052940368652,39,Data/Raw/Heavy Load/Washing Machine - Heavy Load.2cgi0iim.cbor,Heavy Load
15505,-0.6560112833976746,0.272938996553421,9.59715747833252,39,Data/Raw/Heavy Load/Washing Machine - Heavy Load.2cgi0iim.cbor,Heavy Load
15506,-0.06823474913835526,0.21428105235099792,9.742006301879883,39,Data/Raw/Heavy Load/Washing Machine - Heavy Load.2cgi0iim.cbor,Heavy Load
15507,0.7972691655158997,0.1628057211637497,9.6618013381958,39,Data/Raw/Heavy Load/Washing Machine - Heavy Load.2cgi0iim.cbor,Heavy Load
15508,-0.19393034279346466,0.23104046285152435,9.668983459472656,39,Data/Raw/Heavy Load/Washing Machine - Heavy Load.2cgi0iim.cbor,Heavy Load
15509,0.11133038252592087,0.14844051003456116,9.877279281616211,39,Data/Raw/Heavy Load/Washing Machine - Heavy Load.2cgi0iim.cbor,Heavy Load
15510,-0.5889736413955688,0.2454056739807129,9.532513618469238,39,Data/Raw/Heavy Load/Washing Machine - Heavy Load.2cgi0iim.cbor,Heavy Load
15511,-0.08499415963888168,0.2537853717803955,9.63187313079834,39,Data/Raw/Heavy Load/Washing Machine - Heavy Load.2cgi0iim.cbor,Heavy Load
15512,-0.4620809257030487,0.5267243981361389,9.385271072387695,39,Data/Raw/Heavy Load/Washing Machine - Heavy Load.2cgi0iim.cbor,Heavy Load
15513,-0.035913024097681046,0.3148375153541565,9.767146110534668,39,Data/Raw/Heavy Load/Washing Machine - Heavy Load.2cgi0iim.cbor,Heavy Load
15514,0.10055647045373917,0.18914192914962769,9.945513725280762,39,Data/Raw/Heavy Load/Washing Machine - Heavy Load.2cgi0iim.cbor,Heavy Load
15515,-0.44412440061569214,0.25258827209472656,9.613917350769043,39,Data/Raw/Heavy Load/Washing Machine - Heavy Load.2cgi0iim.cbor,Heavy Load
15516,-0.2190694510936737,0.2849099934101105,9.551667213439941,39,Data/Raw/Heavy Load/Washing Machine - Heavy Load.2cgi0iim.cbor,Heavy Load
15517,-0.47884035110473633,0.48722004890441895,9.531316757202148,39,Data/Raw/Heavy Load/Washing Machine - Heavy Load.2cgi0iim.cbor,Heavy Load
15518,0.568622887134552,0.3579331636428833,9.926360130310059,39,Data/Raw/Heavy Load/Washing Machine - Heavy Load.2cgi0iim.cbor,Heavy Load
15519,0.1256955862045288,0.272938996553421,9.956287384033203,39,Data/Raw/Heavy Load/Washing Machine - Heavy Load.2cgi0iim.cbor,Heavy Load
15520,-0.2885012924671173,0.2106897532939911,9.697713851928711,39,Data/Raw/Heavy Load/Washing Machine - Heavy Load.2cgi0iim.cbor,Heavy Load
15521,-0.32441434264183044,0.35075053572654724,9.627084732055664,39,Data/Raw/Heavy Load/Washing Machine - Heavy Load.2cgi0iim.cbor,Heavy Load
15522,-0.5398924946784973,0.4141969084739685,9.633070945739746,39,Data/Raw/Heavy Load/Washing Machine - Heavy Load.2cgi0iim.cbor,Heavy Load
15523,0.4225766062736511,0.40701428055763245,9.690531730651855,39,Data/Raw/Heavy Load/Washing Machine - Heavy Load.2cgi0iim.cbor,Heavy Load
15524,0.1364694982767105,0.2861070930957794,9.940725326538086,39,Data/Raw/Heavy Load/Washing Machine - Heavy Load.2cgi0iim.cbor,Heavy Load
15525,-0.18914192914962769,0.22864626348018646,9.758766174316406,39,Data/Raw/Heavy Load/Washing Machine - Heavy Load.2cgi0iim.cbor,Heavy Load
15526,-0.365115761756897,0.3531447649002075,9.637859344482422,39,Data/Raw/Heavy Load/Washing Machine - Heavy Load.2cgi0iim.cbor,Heavy Load
15527,-0.5183446407318115,0.3998316824436188,9.50737476348877,39,Data/Raw/Heavy Load/Washing Machine - Heavy Load.2cgi0iim.cbor,Heavy Load
15528,0.27413609623908997,0.4273650050163269,9.619902610778809,39,Data/Raw/Heavy Load/Washing Machine - Heavy Load.2cgi0iim.cbor,Heavy Load
15529,0.27413609623908997,0.26336219906806946,9.813833236694336,39,Data/Raw/Heavy Load/Washing Machine - Heavy Load.2cgi0iim.cbor,Heavy Load
15530,-0.1735796183347702,0.2190694510936737,9.767146110534668,39,Data/Raw/Heavy Load/Washing Machine - Heavy Load.2cgi0iim.cbor,Heavy Load
15531,-0.3866635859012604,0.3627215623855591,9.695320129394531,39,Data/Raw/Heavy Load/Washing Machine - Heavy Load.2cgi0iim.cbor,Heavy Load
15532,-0.45010992884635925,0.3758896589279175,9.464279174804688,39,Data/Raw/Heavy Load/Washing Machine - Heavy Load.2cgi0iim.cbor,Heavy Load
15533,0.11252748221158981,0.4537012279033661,9.50737476348877,39,Data/Raw/Heavy Load/Washing Machine - Heavy Load.2cgi0iim.cbor,Heavy Load
15534,0.37828385829925537,0.19153612852096558,9.676166534423828,39,Data/Raw/Heavy Load/Washing Machine - Heavy Load.2cgi0iim.cbor,Heavy Load
15535,0.06344634294509888,0.23343466222286224,9.861717224121094,39,Data/Raw/Heavy Load/Washing Machine - Heavy Load.2cgi0iim.cbor,Heavy Load
15536,-0.3998316824436188,0.3280056416988373,9.68574333190918,39,Data/Raw/Heavy Load/Washing Machine - Heavy Load.2cgi0iim.cbor,Heavy Load
15537,-0.4644751250743866,0.31603461503982544,9.63187313079834,39,Data/Raw/Heavy Load/Washing Machine - Heavy Load.2cgi0iim.cbor,Heavy Load
15538,0.0,0.36990416049957275,9.488221168518066,39,Data/Raw/Heavy Load/Washing Machine - Heavy Load.2cgi0iim.cbor,Heavy Load
15539,0.3866635859012604,0.11252748221158981,9.690531730651855,39,Data/Raw/Heavy Load/Washing Machine - Heavy Load.2cgi0iim.cbor,Heavy Load
15540,0.05386953800916672,0.2585737705230713,9.821015357971191,39,Data/Raw/Heavy Load/Washing Machine - Heavy Load.2cgi0iim.cbor,Heavy Load
15541,-0.07900865375995636,0.009576806798577309,9.709685325622559,39,Data/Raw/Heavy Load/Washing Machine - Heavy Load.2cgi0iim.cbor,Heavy Load
15542,-0.38307225704193115,0.21547815203666687,9.780313491821289,39,Data/Raw/Heavy Load/Washing Machine - Heavy Load.2cgi0iim.cbor,Heavy Load
15543,-0.12090718746185303,0.3878606855869293,9.458293914794922,39,Data/Raw/Heavy Load/Washing Machine - Heavy Load.2cgi0iim.cbor,Heavy Load
15544,0.4644751250743866,0.04668693244457245,9.712079048156738,39,Data/Raw/Heavy Load/Washing Machine - Heavy Load.2cgi0iim.cbor,Heavy Load
15545,-0.07422025501728058,0.24420857429504395,9.713275909423828,39,Data/Raw/Heavy Load/Washing Machine - Heavy Load.2cgi0iim.cbor,Heavy Load
15546,0.015562310814857483,0.019153613597154617,9.774328231811523,39,Data/Raw/Heavy Load/Washing Machine - Heavy Load.2cgi0iim.cbor,Heavy Load
15547,-0.6631938815116882,0.3208230137825012,9.556455612182617,39,Data/Raw/Heavy Load/Washing Machine - Heavy Load.2cgi0iim.cbor,Heavy Load
15548,-0.3196259140968323,0.4357447028160095,9.361329078674316,39,Data/Raw/Heavy Load/Washing Machine - Heavy Load.2cgi0iim.cbor,Heavy Load
15549,0.6380547285079956,0.10175357013940811,9.701305389404297,39,Data/Raw/Heavy Load/Washing Machine - Heavy Load.2cgi0iim.cbor,Heavy Load
15550,-0.16519992053508759,0.2406172752380371,9.695320129394531,39,Data/Raw/Heavy Load/Washing Machine - Heavy Load.2cgi0iim.cbor,Heavy Load
15551,0.033518824726343155,0.0454898327589035,9.877279281616211,39,Data/Raw/Heavy Load/Washing Machine - Heavy Load.2cgi0iim.cbor,Heavy Load
15552,-0.6871358752250671,0.31603461503982544,9.53969669342041,39,Data/Raw/Heavy Load/Washing Machine - Heavy Load.2cgi0iim.cbor,Heavy Load
15553,-0.0694318488240242,0.4908113479614258,9.277531623840332,39,Data/Raw/Heavy Load/Washing Machine - Heavy Load.2cgi0iim.cbor,Heavy Load
15554,0.7553706169128418,0.2082955539226532,9.635464668273926,39,Data/Raw/Heavy Load/Washing Machine - Heavy Load.2cgi0iim.cbor,Heavy Load
15555,-0.12090718746185303,0.28131869435310364,9.684545516967773,39,Data/Raw/Heavy Load/Washing Machine - Heavy Load.2cgi0iim.cbor,Heavy Load
15556,0.03950432687997818,0.11013327538967133,9.97065258026123,39,Data/Raw/Heavy Load/Washing Machine - Heavy Load.2cgi0iim.cbor,Heavy Load
15557,-0.6129156351089478,0.3064578175544739,9.561244010925293,39,Data/Raw/Heavy Load/Washing Machine - Heavy Load.2cgi0iim.cbor,Heavy Load
15558,-0.043095629662275314,0.2322375625371933,9.617507934570312,39,Data/Raw/Heavy Load/Washing Machine - Heavy Load.2cgi0iim.cbor,Heavy Load
15559,0.7314286231994629,0.2992752194404602,9.627084732055664,39,Data/Raw/Heavy Load/Washing Machine - Heavy Load.2cgi0iim.cbor,Heavy Load
15560,-0.011971008032560349,0.27054479718208313,9.78989028930664,39,Data/Raw/Heavy Load/Washing Machine - Heavy Load.2cgi0iim.cbor,Heavy Load
15561,0.1149216815829277,0.17836803197860718,10.018536567687988,39,Data/Raw/Heavy Load/Washing Machine - Heavy Load.2cgi0iim.cbor,Heavy Load
15562,-0.4429273009300232,0.26815059781074524,9.579200744628906,39,Data/Raw/Heavy Load/Washing Machine - Heavy Load.2cgi0iim.cbor,Heavy Load
15563,-0.17717093229293823,0.23942017555236816,9.700108528137207,39,Data/Raw/Heavy Load/Washing Machine - Heavy Load.2cgi0iim.cbor,Heavy Load
15564,-0.5746083855628967,0.5003881454467773,9.578003883361816,39,Data/Raw/Heavy Load/Washing Machine - Heavy Load.2cgi0iim.cbor,Heavy Load
15565,0.08858546614646912,0.3531447649002075,9.9586820602417,39,Data/Raw/Heavy Load/Washing Machine - Heavy Load.2cgi0iim.cbor,Heavy Load
15566,0.1149216815829277,0.21308395266532898,10.001777648925781,39,Data/Raw/Heavy Load/Washing Machine - Heavy Load.2cgi0iim.cbor,Heavy Load
15567,-0.28730419278144836,0.25258827209472656,9.691728591918945,39,Data/Raw/Heavy Load/Washing Machine - Heavy Load.2cgi0iim.cbor,Heavy Load
15568,-0.3315969407558441,0.27413609623908997,9.649829864501953,39,Data/Raw/Heavy Load/Washing Machine - Heavy Load.2cgi0iim.cbor,Heavy Load
15569,-0.5566518902778625,0.4405331015586853,9.522936820983887,39,Data/Raw/Heavy Load/Washing Machine - Heavy Load.2cgi0iim.cbor,Heavy Load
15570,0.43933600187301636,0.36152446269989014,9.668983459472656,39,Data/Raw/Heavy Load/Washing Machine - Heavy Load.2cgi0iim.cbor,Heavy Load
15571,0.15083470940589905,0.25737667083740234,9.908403396606445,39,Data/Raw/Heavy Load/Washing Machine - Heavy Load.2cgi0iim.cbor,Heavy Load
15572,-0.21308395266532898,0.2537853717803955,9.773131370544434,39,Data/Raw/Heavy Load/Washing Machine - Heavy Load.2cgi0iim.cbor,Heavy Load
15573,-0.3196259140968323,0.2992752194404602,9.68694019317627,39,Data/Raw/Heavy Load/Washing Machine - Heavy Load.2cgi0iim.cbor,Heavy Load
15574,-0.5494692921638489,0.39624038338661194,9.429563522338867,39,Data/Raw/Heavy Load/Washing Machine - Heavy Load.2cgi0iim.cbor,Heavy Load
15575,0.2849099934101105,0.3878606855869293,9.616311073303223,39,Data/Raw/Heavy Load/Washing Machine - Heavy Load.2cgi0iim.cbor,Heavy Load
15576,0.2645592987537384,0.25019407272338867,9.782708168029785,39,Data/Raw/Heavy Load/Washing Machine - Heavy Load.2cgi0iim.cbor,Heavy Load
15577,-0.21308395266532898,0.23822307586669922,9.703699111938477,39,Data/Raw/Heavy Load/Washing Machine - Heavy Load.2cgi0iim.cbor,Heavy Load
15578,-0.30526071786880493,0.32680854201316833,9.736021041870117,39,Data/Raw/Heavy Load/Washing Machine - Heavy Load.2cgi0iim.cbor,Heavy Load
15579,-0.5877765417098999,0.38905778527259827,9.412803649902344,39,Data/Raw/Heavy Load/Washing Machine - Heavy Load.2cgi0iim.cbor,Heavy Load
15580,0.2082955539226532,0.42018240690231323,9.487024307250977,39,Data/Raw/Heavy Load/Washing Machine - Heavy Load.2cgi0iim.cbor,Heavy Load
15581,0.3232172429561615,0.21428105235099792,9.660603523254395,39,Data/Raw/Heavy Load/Washing Machine - Heavy Load.2cgi0iim.cbor,Heavy Load
15582,0.11851298063993454,0.22385786473751068,9.645041465759277,39,Data/Raw/Heavy Load/Washing Machine - Heavy Load.2cgi0iim.cbor,Heavy Load
15583,-0.395043283700943,0.3292027413845062,9.712079048156738,39,Data/Raw/Heavy Load/Washing Machine - Heavy Load.2cgi0iim.cbor,Heavy Load
15584,-0.4836287498474121,0.3076549172401428,9.612719535827637,39,Data/Raw/Heavy Load/Washing Machine - Heavy Load.2cgi0iim.cbor,Heavy Load
15585,0.07302315533161163,0.3866635859012604,9.48462963104248,39,Data/Raw/Heavy Load/Washing Machine - Heavy Load.2cgi0iim.cbor,Heavy Load
15586,0.3280056416988373,0.09935937076807022,9.678560256958008,39,Data/Raw/Heavy Load/Washing Machine - Heavy Load.2cgi0iim.cbor,Heavy Load
15587,0.07182604819536209,0.22625206410884857,9.757569313049316,39,Data/Raw/Heavy Load/Washing Machine - Heavy Load.2cgi0iim.cbor,Heavy Load
15588,-0.4728548228740692,0.3423708379268646,9.658209800720215,39,Data/Raw/Heavy Load/Washing Machine - Heavy Load.2cgi0iim.cbor,Heavy Load
15589,-0.3866635859012604,0.23104046285152435,9.771934509277344,39,Data/Raw/Heavy Load/Washing Machine - Heavy Load.2cgi0iim.cbor,Heavy Load
15590,-0.12928688526153564,0.3926490843296051,9.496601104736328,39,Data/Raw/Heavy Load/Washing Machine - Heavy Load.2cgi0iim.cbor,Heavy Load
15591,0.5051765441894531,0.08499415963888168,9.739612579345703,39,Data/Raw/Heavy Load/Washing Machine - Heavy Load.2cgi0iim.cbor,Heavy Load
15592,-0.08379705995321274,0.22625206410884857,9.703699111938477,39,Data/Raw/Heavy Load/Washing Machine - Heavy Load.2cgi0iim.cbor,Heavy Load
15593,-0.040701430290937424,0.016759412363171577,9.813833236694336,39,Data/Raw/Heavy Load/Washing Machine - Heavy Load.2cgi0iim.cbor,Heavy Load
15594,-0.1711854189634323,0.21547815203666687,9.781511306762695,39,Data/Raw/Heavy Load/Washing Machine - Heavy Load.2cgi0iim.cbor,Heavy Load
15595,-0.30047231912612915,0.4345476031303406,9.35773754119873,39,Data/Raw/Heavy Load/Washing Machine - Heavy Load.2cgi0iim.cbor,Heavy Load
15596,0.6751648783683777,0.10654197633266449,9.68694019317627,39,Data/Raw/Heavy Load/Washing Machine - Heavy Load.2cgi0iim.cbor,Heavy Load
15597,-0.16879121959209442,0.28730419278144836,9.697713851928711,39,Data/Raw/Heavy Load/Washing Machine - Heavy Load.2cgi0iim.cbor,Heavy Load
15598,0.02753331884741783,0.047884032130241394,9.862914085388184,39,Data/Raw/Heavy Load/Washing Machine - Heavy Load.2cgi0iim.cbor,Heavy Load
15599,-0.6428431272506714,0.33758243918418884,9.554061889648438,39,Data/Raw/Heavy Load/Washing Machine - Heavy Load.2cgi0iim.cbor,Heavy Load
